-1.235962,-1.818197;-0.379222,-0.195295;0.581792
0.717961,-1.765731;0.068307,-0.271606;0.442345
0.535040,-1.309241;-0.090058,0.090371;0.075256
-0.014706,-0.593536;0.132884,0.600753;0.887026
1.310998,2.947052;0.212355,0.208563;0.553019
-0.685783,-0.676434;0.323690,0.002890;0.343538
0.039093,0.147227;-0.116370,-0.259307;0.672733
-1.325511,6.643904;-0.123689,0.747249;0.041683
0.050824,-0.410996;0.886589,-0.550716;0.991618
0.000585,-0.588045;-0.289121,0.232110;0.268299
0.017240,-0.398127;-0.044309,0.188427;0.856752
0.058688,-0.782009;0.066250,-0.302193;0.164524
-0.439404,-0.373368;-0.052951,-0.107808;0.749939
-0.114178,-0.326483;0.380573,0.101671;0.541212
0.573288,-0.150800;0.009231,0.397932;0.771413
0.215499,-0.229375;0.404362,-0.359559;0.862130
-12.855226,2.258426;-1.552058,0.272890;0.003955
-1.122623,-0.425628;0.106664,-0.063658;0.075602
-0.174967,0.102423;0.160514,-0.557218;0.402206
0.121462,-0.389373;-0.208715,-0.733507;0.486433
1.086745,-1.614485;0.250876,-0.321220;0.191810
-0.582673,-0.538587;-0.049327,0.264612;0.374060
0.281416,-0.151695;-0.416552,0.073945;0.875986
0.000274,-0.423058;-0.157470,-0.530097;0.842375
-0.510970,-0.391342;0.578984,0.291695;0.112853
-1.627540,-2.319419;-0.324515,-0.392065;0.230992
2.650832,4.327191;0.275260,0.459876;0.094233
-0.193851,-0.007766;-0.584331,0.208655;0.544767
-0.172371,3.686521;0.070279,0.336351;0.647947
0.263574,-0.461964;-0.350193,0.098925;0.137850
0.071526,-0.486678;0.050850,0.533607;0.077654
0.072657,-0.554322;0.493071,0.110520;0.809540
0.051702,-0.315817;-0.249142,-0.057880;0.439067
-0.002823,-0.732038;-0.162931,0.509879;0.779328
0.546184,-0.561067;-0.149950,0.179665;0.986606
0.049745,-0.587675;-0.144883,0.581989;0.619765
-0.056547,-0.457257;0.061705,-0.201454;0.920400
0.107398,-0.461144;-0.205212,0.495455;0.977943
-0.548929,-1.444649;-0.136514,-0.153108;0.739839
0.079251,-0.571314;-0.229068,-0.415024;0.360021
0.281898,-0.758939;-0.012809,-0.216533;0.603862
-1.306702,-1.166765;-0.213845,0.023505;0.504623
0.439056,-0.139704;-0.286363,-0.035233;0.379488
-0.558081,2.345967;0.065631,0.116723;0.659893
0.033231,-0.782275;0.364975,0.141634;0.765607
0.434109,-0.655519;0.353472,-0.049854;0.326891
-0.056246,-0.334737;-0.208533,-0.620614;0.747771
-0.100481,-0.538083;0.940296,-0.189476;0.217017
-0.231105,-0.420907;0.159323,0.483170;0.066757
-0.081168,0.103938;0.155145,-0.221085;0.247154
-0.205165,-0.278311;-0.159014,-0.540547;0.408007
-0.013779,-0.644090;-0.128520,0.508339;0.810837
-0.382344,-0.342698;0.012067,-0.279677;0.547549
-0.616477,0.150669;0.199771,-0.195423;0.665531
1.986751,4.787263;0.193684,0.520686;0.978483
0.772745,-2.231057;0.185323,-0.231715;0.070936
0.089008,-0.452115;0.314042,-0.529989;0.133810
0.392457,-0.184648;0.047051,-0.217101;0.223486
3.012864,5.153685;0.330098,0.572273;0.506137
-0.100675,-0.862241;-0.161863,0.632863;0.957336
0.053364,-0.442099;-0.175615,0.689631;0.330687
-0.195842,-0.375678;-0.404466,-0.083384;0.426159
0.084674,-0.323604;-0.242473,-0.199706;0.693390
8.303350,-22.634379;1.004307,-2.737637;0.008545
-1.786694,0.705126;-0.094711,-0.174824;0.428557
-0.072976,-0.399922;0.010982,0.011020;0.919209
-0.308667,0.518422;-0.120085,0.180619;0.443134
0.137291,-0.063651;0.236865,-0.211629;0.908224
-7.600693,-9.075613;-0.875028,-1.024099;0.010958
-0.130943,-0.347058;-0.985658,0.131593;0.140478
0.102802,-0.366246;0.902331,-0.092263;0.623494
-9.309110,5.545123;-1.104872,0.648360;0.028568
0.075966,-0.618749;0.105123,0.492817;0.807882
-0.482312,-0.730910;0.212782,0.502809;0.637077
0.032217,-0.146403;-0.023567,-0.487453;0.429405
0.442442,-0.367768;0.045490,0.537707;0.689094
0.005633,-2.076418;-0.042072,-0.161210;0.493476
0.129203,-0.428455;-0.110145,0.280999;0.247858
-0.640125,-0.381246;0.125633,-0.286410;0.155999
-0.534198,-0.184268;0.284557,-0.468861;0.240396
-0.866178,3.965053;-0.044986,0.366174;0.387264
0.011877,-0.602925;-0.044197,-0.251509;0.977773
-0.281304,-0.411431;0.391945,-0.750746;0.724235
-0.283413,-0.338552;0.450186,-0.872118;0.736248
0.409230,-1.380774;-0.054323,-0.014690;0.671390
-0.510022,-0.496455;0.517533,-0.131950;0.163150
-0.238282,-0.382902;0.476010,-0.483184;0.206584
-0.136902,-0.035295;-0.391502,0.032207;0.398494
0.082054,0.167939;-0.016822,-0.140189;0.609559
-0.886149,-0.888503;-0.029464,-0.089287;0.301907
4.820690,3.852246;0.542853,0.429382;0.847373
-0.117555,-0.595167;0.132467,-0.181948;0.610254
-0.590053,-0.428957;-0.152339,-0.400728;0.276543
-0.546675,0.338206;0.276985,-0.074936;0.948187
-0.009170,-0.648953;-0.517968,-0.658251;0.384754
-0.216715,-1.650808;-0.073974,-0.020810;0.678849
0.422924,-0.003585;0.046813,0.425012;0.836352
-1.631069,1.748559;-0.304610,0.590499;0.098261
-5.523005,7.661843;-0.765088,1.057767;0.014200
-0.087752,-0.507781;-0.339195,0.499671;0.586208
-0.011247,-0.438236;1.103629,-0.213395;0.435473
0.068202,-0.419534;0.428216,0.628700;0.280095
-0.155898,-0.374436;0.041833,0.045600;0.826225
0.012997,-0.656802;0.161424,0.256207;0.957019
-0.049321,-0.319765;-0.539352,-0.295228;0.280810
-0.735723,-1.263391;-0.371767,-0.033476;0.838007
-0.321895,-0.369080;-0.062363,-0.397394;0.322492
0.289019,-0.639600;0.325057,-0.303473;0.158326
-0.125432,-0.293136;-0.345486,0.074685;0.861182
-0.000570,-0.425123;-0.103933,0.147477;0.350921
-0.056475,-0.426156;-0.359574,0.983687;0.668594
-0.216201,-0.578426;-0.470682,0.372281;0.360866
-0.497396,-0.119204;0.002462,-0.380607;0.572939
-0.380974,-0.564702;-0.208685,0.431014;0.160438
-0.083822,-0.322134;-0.785452,-0.649643;0.744113
-0.412323,0.104895;-0.217853,-0.079972;0.844392
1.863947,4.445285;0.178050,0.434643;0.043857
-0.272825,-0.743817;-0.533277,0.306812;0.092973
0.357531,-2.060466;0.123916,-0.190879;0.189432
0.804364,-3.177890;0.166977,-0.560244;0.305565
0.412826,-0.035799;0.294406,0.021679;0.303120
0.031400,-0.473666;0.660756,-0.378106;0.975952
0.394364,-0.514653;0.273719,0.094501;0.873628
-0.519522,-0.124210;-0.135608,0.185727;0.574454
0.019418,-0.473620;-0.716675,0.998568;0.095735
-0.265649,-0.267940;0.215072,0.000720;0.698413
-0.158799,-0.516274;-0.431724,0.239831;0.163193
0.339496,-1.483971;-0.096827,-0.059562;0.244608
0.334119,-0.058705;0.588130,0.142684;0.257091
0.474472,-0.855099;-0.081837,0.090531;0.381440
0.023723,-0.367581;-0.705643,0.510371;0.501906
-0.027973,-0.508948;-0.240795,0.014919;0.983274
-0.124472,-0.563285;0.330978,-0.061874;0.793762
-1.388542,0.505267;-0.073004,0.165676;0.680557
2.085288,-0.848392;0.446104,0.049449;0.577478
-0.321891,-0.448669;-0.819447,-0.114373;0.236034
0.019887,-0.392353;-0.451892,0.302007;0.088984
0.772057,-1.571884;0.080079,-0.196195;0.948062
-0.066317,-0.479800;0.096929,0.039704;0.823238
0.198394,-0.562478;0.033241,-0.621382;0.269578
0.497372,-0.174542;-0.211232,0.074361;0.255832
2.754814,4.429774;0.289287,0.468430;0.927297
0.098377,-0.323360;-0.079485,0.127016;0.225645
0.044629,-0.454262;-0.555227,0.191720;0.993104
-0.125393,-0.328345;-0.111314,-0.186457;0.155484
-0.086997,-0.441261;-0.298650,0.189059;0.770772
0.427946,-0.139064;0.471095,0.141341;0.459479
-0.032694,-0.632409;0.804448,0.090873;0.264483
0.353942,-0.061009;0.091208,-0.210338;0.460977
-0.031895,-0.350079;0.511377,0.202834;0.678696
-0.017678,-0.598297;-0.241894,1.011127;0.521941
-1.441384,4.458552;-0.111200,0.445342;0.981185
0.040559,-1.497819;-0.078740,-0.024504;0.470012
-0.077986,-0.443231;0.154059,-0.379447;0.768974
0.206208,0.022941;-0.295784,0.414717;0.535353
-1.092386,-0.174427;-0.109382,0.000042;0.156084
12.695177,-2.504269;2.464899,-0.524459;0.004566
-0.098397,-0.428218;0.262737,-0.458166;0.572065
-0.144115,-0.464971;0.484878,0.465689;0.345926
0.366049,0.203092;0.043021,0.075084;0.181344
0.135973,-0.670202;0.195328,0.342871;0.385054
-0.120729,-0.567528;-0.043128,0.255503;0.591106
-1.741629,-0.235576;-0.206614,-0.212233;0.297488
1.713219,4.194657;0.158364,0.423401;0.654598
-0.225744,-0.406520;-0.135295,-0.091965;0.251331
0.086451,-1.218788;-0.168991,-0.110828;0.165051
-0.014117,-0.337265;1.033241,-0.421756;0.444211
-1.523776,-0.101617;-0.082341,-0.159280;0.542560
-0.051672,-0.472360;0.633995,-1.133307;0.180632
-0.176657,-0.040304;0.338503,0.267990;0.664708
-0.017601,-0.278024;-0.371282,0.225249;0.543373
-0.567899,-0.348868;-0.545634,0.038986;0.708111
1.710165,-1.724325;0.285598,-0.207266;0.363780
0.022306,-0.573113;-0.249450,0.723675;0.394059
-0.290413,-0.436639;0.477929,-0.240023;0.265716
1.144409,3.205151;0.178865,0.243408;0.923324
-0.679972,0.331668;0.271158,-0.058078;0.611841
-0.210710,0.081405;0.034995,-0.364008;0.826847
0.212535,-1.448534;-0.207430,-0.008873;0.544708
-0.003935,-0.542199;0.690742,0.417498;0.575190
-0.380740,-0.355038;-0.407568,0.092878;0.491218
-0.331984,-0.796998;-0.025643,0.428562;0.592573
0.069729,-2.160844;0.070795,-0.218162;0.430991
0.353484,-0.222235;-0.458083,0.140955;0.390706
-0.056747,-0.483755;-0.405335,0.170859;0.426778
-1.515889,-0.118633;-0.131610,-0.239652;0.553409
0.098719,-0.524250;-0.148646,-0.548457;0.786530
0.096263,-0.051033;-0.011328,-0.555769;0.492264
-0.032892,0.287699;-0.090658,-0.080765;0.814536
-0.009334,-0.213942;0.117661,-0.040319;0.390054
-0.139809,-0.267278;0.017696,0.190057;0.755136
0.166947,-0.314688;-0.192928,0.065788;0.493084
3.868974,4.009092;0.418999,0.423540;0.460473
-0.051440,-0.513222;-0.319597,0.317163;0.569362
-0.081473,0.135454;-0.025381,0.730749;0.220013
0.149199,-0.361051;-0.030393,0.298507;0.319157
0.127751,-0.317691;0.066744,-0.138703;0.920094
-0.134305,-0.265134;-0.736630,0.180061;0.669247
-0.115485,-0.443476;0.241210,-0.515225;0.617388
-0.106979,-0.507642;-0.168318,-0.046701;0.202547
1.103278,0.160476;0.193638,0.174543;0.627381
0.037341,-0.873792;-0.069309,-0.073881;0.787438
-0.064912,-0.393761;-0.102298,-0.179174;0.342959
-4.525698,-3.034966;-0.464212,-0.317176;0.488796
0.142998,-0.424304;-0.706538,0.245980;0.800809
0.087445,-0.565068;-0.120436,0.289664;0.363982
-3.977100,4.176524;-0.376853,0.447501;0.025469
-0.009705,-0.594566;0.488991,0.258262;0.504994
0.195849,-0.534260;0.229429,0.142240;0.684182
-0.185776,-0.327408;-0.388054,-0.220374;0.652757
-0.229354,-0.127503;-0.138686,-0.342680;0.863443
0.223984,-0.699576;0.145573,0.145066;0.319714
-4.672992,0.141434;-1.084503,0.115479;0.024528
-0.513837,-0.063574;-0.101641,-0.191952;0.218819
1.995018,4.101705;0.186403,0.411421;0.433504
-0.030728,-0.506326;-0.018440,0.625253;0.385327
-0.046989,-0.230857;0.164944,0.074683;0.781748
0.246513,-0.584730;-0.469590,0.322451;0.490244
1.008940,-1.088771;0.284931,-0.161860;0.231599
-0.033992,-1.978161;-0.112138,-0.119160;0.167848
-0.021482,-0.216651;-0.324177,-0.215922;0.552525
1.131234,-1.574650;0.126803,-0.169187;0.193207
0.517566,-2.492245;0.143138,-0.342319;0.472217
-0.208881,-0.610952;-0.307966,-0.264537;0.248326
0.473863,2.271869;0.070353,0.051167;0.255819
2.390682,-1.994538;0.202770,-0.153218;0.035649
-0.179669,-0.212315;0.816067,0.274149;0.370053
-0.079617,-0.463719;0.766855,-0.270619;0.658387
0.421184,-0.983041;-0.348977,-0.271262;0.934454
-0.103256,-0.433096;-0.056236,0.006162;0.972565
-0.066298,-0.253720;0.115155,-0.350603;0.585250
-0.055481,-0.313000;0.639827,0.218172;0.532493
0.050971,-0.069053;-0.697904,0.128918;0.400764
-0.037141,-0.457934;-0.488785,-0.450089;0.663600
-0.138964,-0.431204;0.384023,0.246855;0.929836
0.149800,-0.330419;-0.115607,-0.147490;0.611505
-0.123735,0.894187;0.166152,0.099970;0.117773
-0.130746,-0.482427;-0.163754,-0.719052;0.916821
-0.082937,-0.552179;0.509266,-0.030072;0.616238
-0.293673,-0.346246;-0.212303,0.208375;0.445824
-0.007629,-0.438619;0.183456,-1.175507;0.311426
-0.489057,0.333574;-0.148314,-0.080763;0.199069
-0.124017,-0.379740;0.197467,-0.188700;0.362867
-0.013490,-0.464410;0.311962,-0.581639;0.586260
0.189855,-3.532465;0.086622,-0.777385;0.117401
-0.101284,-0.035050;0.288340,-0.050609;0.098433
0.028523,-0.766219;0.134307,0.444793;0.298418
0.097814,-0.414198;0.057748,0.463584;0.292389
-0.139302,-0.428755;0.726411,-0.021329;0.759586
-0.160305,-0.620238;-0.154144,0.166397;0.348799
0.012744,-0.478476;-0.184272,0.472181;0.099055
0.060846,-0.574362;-0.093776,-0.659558;0.430253
0.080197,-0.301148;0.535458,-0.508065;0.387373
0.145212,-0.410104;-0.009489,0.308909;0.902071
0.178517,-1.035003;-0.018183,-0.394577;0.952930
-0.085910,-0.329146;-0.154985,-0.536783;0.608203
-0.054372,-0.403466;0.347914,-0.664640;0.906725
0.013424,-0.727352;-0.312009,-0.558590;0.373450
0.024135,-0.623777;-0.255701,0.002095;0.296328
0.158527,-0.117814;-0.053642,-0.184157;0.589798
-0.193042,-0.141539;-0.941196,-0.031506;0.518996
-0.104921,-0.530128;-0.024509,0.471586;0.344842
0.334839,-0.648396;0.020273,0.255538;0.400179
-0.110610,-0.449251;-0.143838,-0.428611;0.810605
-0.803923,-0.184397;0.024795,-0.178243;0.907128
0.068912,-0.341945;0.474592,0.241008;0.801532
-0.055402,-0.281209;-0.031924,-1.083857;0.437383
0.081563,-0.503059;-0.466548,-0.062663;0.883733
2.435646,3.492884;0.234691,0.325793;0.303128
-0.166338,-0.284913;0.922193,-0.186509;0.581803
-1.038468,3.164409;-0.044097,0.232626;0.755510
-0.007820,-0.429056;-0.039129,-0.038654;0.438135
-0.005139,-0.347672;-0.653031,0.043686;0.480947
-0.135319,-0.581046;0.214396,1.022481;0.665692
-0.064906,-0.476600;-0.283918,-0.173417;0.944489
5.664691,4.702635;0.670298,0.542078;0.427560
-0.073819,-0.543320;-0.344286,0.788859;0.581812
-0.176855,-0.343130;0.154002,0.369432;0.312597
-0.071001,-0.505557;0.190365,0.295893;0.375107
-0.184821,-0.315670;-0.270346,-0.454739;0.347681
5.162461,3.876233;0.587543,0.428783;0.864794
-0.162641,-0.457644;-0.035554,-0.158474;0.858861
-0.069658,-0.616270;-0.154269,-0.298775;0.652370
-0.203152,-0.820526;0.233753,0.567293;0.325775
-0.729542,-0.302836;0.071841,0.015620;0.825030
-0.164956,-0.721152;-0.764026,0.154150;0.325530
-0.002777,-0.277397;-0.276693,0.152452;0.955798
-0.106753,-0.421406;0.261175,-0.614240;0.552358
-0.267025,-1.040338;0.026823,-0.202222;0.330091
0.080127,-0.062276;0.321040,0.001158;0.100268
-0.029324,-0.427984;-0.203386,0.718591;0.249302
0.392259,-0.440460;0.153407,0.317451;0.588016
0.032030,-0.586966;0.277702,-0.270245;0.502321
18.009560,8.846253;2.078105,1.040794;0.002576
0.094390,-0.367071;-0.181328,0.260471;0.659988
-0.111836,-0.403266;-0.217601,-0.222242;0.446849
0.029232,-0.388693;-0.224787,-0.475503;0.448971
-0.090638,-0.529469;-0.185831,0.332871;0.182926
0.572709,-0.841196;-0.248403,0.310347;0.130440
-0.065772,-0.475800;0.211955,0.077169;0.881984
-0.108213,-0.620358;-0.298065,-0.071716;0.434138
0.717077,-0.398693;0.208744,-0.380013;0.119795
0.828156,4.295214;0.139125,0.417580;0.088580
-0.264658,-1.733299;0.045090,-0.008059;0.475867
-0.398708,-0.344201;0.003289,-0.045248;0.678966
0.062606,-0.363736;0.529923,-0.498189;0.828343
0.713663,0.585278;0.066400,-0.030155;0.754856
0.243983,-0.874253;0.134713,-0.190351;0.953065
-0.539979,0.397402;0.183897,-0.119655;0.501548
-0.702762,-0.570675;0.140979,0.125726;0.188023
0.009616,-0.397864;0.396203,-0.637905;0.398424
-0.200039,-0.479543;0.491762,-0.279021;0.660815
-2.899503,-0.250977;-0.597355,-0.005660;0.055928
-0.115713,-0.344678;0.512535,-0.113599;0.591506
-0.075691,-0.547727;-0.425528,-1.071352;0.113769
0.048865,-0.560314;0.244321,0.665770;0.334512
-0.266129,-0.606944;0.109719,-0.256618;0.802674
-0.091548,-0.402200;0.328513,-0.602621;0.627401
-0.599950,-0.596926;0.151632,0.060390;0.384109
-0.251579,-0.282193;-0.323156,-0.630405;0.962349
0.061913,-0.410680;-0.391156,-0.197268;0.817379
-0.093920,-0.485861;-0.461164,-0.806233;0.236280
0.015075,-0.442667;0.235429,0.709303;0.609608
-0.029168,-0.343569;-0.272853,-0.053794;0.184908
-0.312398,-2.747972;-0.051319,-0.411597;0.173382
3.936448,2.327456;0.395484,0.227506;0.804880
-0.210176,-1.583211;-0.103833,0.067517;0.949298
-0.316429,-0.488945;-0.397801,0.660291;0.846696
-0.135593,-0.535770;0.011569,-0.996232;0.646081
-0.032036,-0.290435;-0.720126,0.445934;0.874112
-0.281766,-0.148980;0.377301,-0.342703;0.141047
-0.016686,-0.214826;0.317472,-0.467044;0.785032
-0.266132,-0.273049;-0.547848,-0.569293;0.937842
2.713955,-3.561095;0.240960,-0.320957;0.078373
0.628554,0.585408;0.173016,-0.050691;0.053699
-0.043473,-0.613381;0.490311,0.037732;0.461157
0.125063,-0.493396;-0.191276,-0.175003;0.654271
-0.228226,1.379714;0.066888,0.043263;0.028096
0.021228,-0.307214;0.164901,0.559206;0.353475
-0.228594,-0.422046;0.463830,0.088716;0.737299
0.204080,-0.743641;0.175022,0.096881;0.484405
-0.089153,-0.830385;-0.223736,-0.392538;0.956846
-0.222255,-0.356952;-0.462683,0.134660;0.105601
0.085866,-0.496535;-0.560976,0.010481;0.778277
0.553913,-0.251174;0.454183,-0.016143;0.672630
-0.202005,0.306071;-0.041481,0.178049;0.518689
0.292471,0.642705;-0.214772,0.085560;0.108564
0.005997,-0.583935;0.116896,-0.276349;0.340041
0.163355,-0.417260;0.334664,0.165453;0.556527
0.001604,-0.440235;0.932480,0.200334;0.571779
0.092360,-0.470924;-0.939958,0.136672;0.189111
-0.049839,-0.573157;0.176940,0.062643;0.926922
0.021514,-0.974029;-0.169827,0.464120;0.843770
-1.197655,-0.179841;0.035102,0.195795;0.147305
-0.175965,-0.258313;-0.268512,-0.171131;0.380411
-1.113042,-1.090703;-0.225298,0.160910;0.462487
-0.778616,-0.784782;0.472450,-0.209490;0.460022
0.987740,1.483718;-0.031616,-0.024118;0.205344
0.073113,-0.606850;-0.029027,0.676757;0.910164
11.375224,-7.212494;1.701483,-1.002398;0.010897
-0.453630,-0.750217;0.010125,-0.027069;0.727448
-0.230399,-0.702935;0.418393,0.383956;0.300964
-0.520679,-3.795905;-0.183894,-0.799930;0.087456
-0.162061,-0.423171;-0.756822,-0.131018;0.310261
-0.071702,-0.516669;0.396267,0.703113;0.427728
0.090810,-0.525762;-0.311062,0.100034;0.627916
-0.731060,-1.776895;-0.188621,-0.055514;0.814084
0.105680,-0.481419;-0.699403,0.106049;0.796272
-0.101122,-3.373098;-0.123914,-0.568994;0.077001
-0.579527,-0.249566;-0.066793,-0.235810;0.389241
0.482443,-0.666243;0.399573,-0.055121;0.206987
0.336464,-0.256464;0.397553,0.034197;0.349652
-0.371814,-0.333731;-0.442647,0.190030;0.258377
-0.251232,-0.388202;0.641668,0.522040;0.490743
-0.481537,-0.417634;-0.569778,-0.072002;0.720591
-0.082120,-0.840338;-0.378159,-0.427370;0.470887
0.124818,-0.424580;-0.062690,0.235074;0.647350
-1.003678,0.336789;0.084140,-0.034595;0.208728
0.059559,-0.767644;0.152198,0.138904;0.521388
-0.106274,-0.504555;0.836925,-0.756237;0.281541
0.124209,-0.480387;-0.391972,0.241576;0.551775
0.013851,0.100196;0.263405,0.489987;0.592028
-0.311546,-0.878138;0.334223,0.157440;0.103085
-0.045702,-0.492658;0.954750,-0.636833;0.263858
-0.026315,-0.443210;-0.156362,0.731780;0.417791
-0.181404,5.420484;0.044778,0.598164;0.491468
2.577667,-0.605279;0.566465,-0.051211;0.258401
-0.020750,-0.166705;0.441993,-0.089535;0.441170
1.875998,4.375685;0.166614,0.454654;0.863353
-0.227210,-0.396160;-0.503793,0.535751;0.524421
-0.082084,-0.262812;-0.069508,-0.324758;0.763390
0.497770,-1.630392;-0.027627,-0.039643;0.907347
-0.130272,-0.341337;1.063010,-0.457884;0.777217
0.835857,1.450884;-0.044421,-0.045384;0.066161
0.121387,-0.513792;-0.350669,-0.513621;0.783068
-0.437983,-0.347984;-0.652726,0.068464;0.391010
-0.010500,-0.194741;-0.006491,-0.085559;0.051313
0.128147,-0.846964;-0.141888,0.632505;0.885222
-0.469537,-0.548413;0.199806,-0.022988;0.961997
0.019494,-0.626014;-0.095806,0.246628;0.265359
0.016711,-0.461597;-0.420363,0.668595;0.556047
0.177673,-1.207416;-0.152955,0.182270;0.463805
-1.984570,-0.348246;-0.804641,0.131749;0.022745
-0.446117,-0.561124;0.553546,-0.093243;0.295980
-1.155451,-0.504223;0.243711,-0.324738;0.445756
1.069591,-1.500386;0.204437,-0.140633;0.144585
0.136372,-0.793173;0.321644,-0.259563;0.180960
0.070218,-0.558627;-0.139089,-0.401688;0.955090
-0.300201,-0.561299;0.005933,0.284698;0.519668
5.140334,-3.564068;0.560484,-0.399636;0.027085
0.065629,-0.607170;-0.330038,-0.285684;0.417679
0.004948,-0.319413;0.247627,-0.100191;0.418362
-0.136026,-0.535606;0.137384,0.376153;0.282995
-0.280859,-0.416370;0.424084,-0.166759;0.298818
-0.158815,-0.410917;0.258777,-0.308091;0.904035
0.125962,-0.545268;-0.222708,0.710480;0.242259
-0.357525,-0.591293;-0.218019,-0.807997;0.237323
-0.000193,-0.184065;-0.138102,0.159551;0.299483
-0.363373,-0.205935;0.531514,-0.213305;0.174106
-0.463868,0.154598;0.077724,0.376200;0.089607
-16.977083,-0.205846;-2.073127,-0.029899;0.008833
0.054037,-0.548918;-0.197990,0.057158;0.321334
-0.116762,-0.447048;0.331993,0.236370;0.353053
-0.427773,-0.203364;-0.220618,-0.007784;0.563796
-0.496128,-0.359123;0.215490,0.273839;0.647724
-0.235524,-0.454278;0.479678,-0.071200;0.511812
-0.249770,-0.549909;0.861670,-0.300220;0.741875
-0.336357,-0.344295;0.104462,0.369866;0.160264
-0.925156,1.154931;-0.129772,0.170340;0.293620
0.002678,-0.558554;0.042145,-0.474251;0.583793
-0.376461,-0.601693;-0.674067,0.164322;0.161281
-0.092937,-0.512775;-0.188940,-0.591894;0.862495
0.043591,-0.413550;-0.803568,-0.404400;0.814399
-0.075533,-0.569475;-0.787184,-0.001656;0.183080
-1.663658,-0.267309;-0.196757,0.026778;0.018277
-0.228049,-0.255710;0.313558,0.077861;0.151211
-0.195607,-0.568974;-0.092389,0.558420;0.302465
-0.117777,-0.041074;0.046209,0.178779;0.787130
-5.220024,1.918842;-0.954129,0.435773;0.019625
3.179380,2.944342;0.309287,0.279852;0.668161
0.226987,-0.272201;0.484854,0.357934;0.982010
0.317761,-0.285688;-0.306613,0.024468;0.631149
0.114149,-0.592918;-0.641019,-0.292402;0.241302
0.498201,-0.367551;-0.122012,0.394378;0.600664
0.597901,-0.517823;0.227651,-0.239096;0.692533
0.158293,-0.318314;0.236142,-0.184224;0.528106
-0.214703,-0.691777;0.066386,0.782449;0.497068
-0.156081,-0.910470;0.232695,-0.045717;0.207802
-0.144772,-0.229977;-0.408033,0.583070;0.422210
-0.014100,-0.221901;-0.075634,0.210235;0.921279
-0.012826,-0.626768;0.047190,-0.755284;0.598551
-0.001897,-0.365121;-0.287695,-0.145050;0.631108
-0.234517,-0.385078;-0.551698,-0.256825;0.500209
-0.204690,-0.416097;-0.086911,-1.339713;0.057929
0.051196,-0.486674;0.552006,0.400142;0.734541
0.292714,-0.499364;0.184518,0.706093;0.320730
-0.186572,-0.344567;0.116336,-0.186429;0.674742
-2.339363,11.709303;-0.281016,1.394391;0.028830
-0.337953,-0.915467;0.313626,0.176499;0.816195
-0.140398,-0.431026;-0.481735,0.837770;0.919676
0.009334,1.005811;0.103029,0.668235;0.085701
0.433815,-0.806297;-0.090189,0.136698;0.530520
-0.015128,-0.532002;0.012785,0.236065;0.345950
0.159824,-0.540963;-0.149184,0.568341;0.423156
-1.503257,-1.230127;0.065698,0.059823;0.085324
0.273668,-0.561410;0.094797,0.270753;0.351166
0.024183,-0.559742;-0.026677,0.026554;0.385642
0.418682,-0.186844;-0.061659,0.560899;0.765755
-0.244251,-0.641093;0.226980,-0.065901;0.693418
-0.043956,-0.344497;-0.200792,-0.051883;0.630279
-0.824838,-1.168375;-0.336003,-0.009763;0.504335
-0.123666,-0.374145;0.644691,-0.021207;0.861733
-0.436549,-0.333263;-0.744599,-0.079185;0.152921
-0.045422,-0.509014;0.308444,0.207863;0.990385
0.065344,-0.495542;-0.158274,0.623478;0.494899
0.345616,0.027725;-0.319673,-0.365964;0.652556
-0.671262,-0.157990;-0.345113,0.101045;0.428892
1.894942,1.225779;0.170310,-0.059237;0.767537
-0.020822,-0.736532;0.066799,0.175730;0.233241
-7.013657,0.435924;-0.957664,0.110431;0.044644
-0.081328,-0.396974;-0.294433,0.006367;0.908034
0.257287,0.091436;0.298849,0.321464;0.633855
-0.415031,-0.590888;0.065946,-0.182030;0.328415
-0.198639,-0.146306;0.096705,-0.015461;0.934367
-0.088166,-0.290122;-0.536650,0.171370;0.910667
-0.432061,-0.066179;-0.053025,-0.185970;0.869226
-0.201841,-0.400466;-0.360447,-0.448910;0.634080
-0.133163,-0.344141;-0.478493,0.788363;0.658463
-0.357590,-0.387557;-0.550338,-0.297977;0.593519
-0.101068,-0.421589;-0.794235,-0.003893;0.808872
-0.313296,-0.810916;0.408100,0.104998;0.108764
7.315430,4.116492;1.184337,0.553143;0.007217
2.189343,2.018255;0.138157,0.134175;0.330939
0.021356,-0.514289;0.436343,-0.744693;0.857736
-0.039073,-0.478088;0.036792,0.199154;0.904101
0.376545,-0.495139;-0.014604,-0.647034;0.080719
-5.303802,0.022146;-2.021054,0.136877;0.012800
-0.011126,-0.242298;0.238057,-0.300008;0.288010
0.179475,-0.260798;0.192384,0.041706;0.442644
-0.325272,-0.145509;-0.375852,0.307401;0.551306
