0.275265,0.745491;0.000000,0.000000;0.581792
-0.325373,-0.514155;0.000000,0.000000;0.442345
0.368890,-0.509943;0.000000,0.000000;0.075256
-0.027961,-0.535388;0.000000,0.000000;0.887026
0.539586,-0.202199;0.000000,0.000000;0.553019
0.683987,0.752911;0.000000,0.000000;0.343538
-0.076984,0.686516;0.000000,0.000000;0.672733
0.539559,-0.285621;0.000000,0.000000;0.041683
0.592281,0.616695;0.000000,0.000000;0.991618
-0.726097,0.504277;0.000000,0.000000;0.268299
-0.179020,0.256485;0.000000,0.000000;0.856752
-0.105503,0.761490;0.000000,0.000000;0.164524
-0.462414,0.409568;0.000000,0.000000;0.749939
-0.614102,0.453781;0.000000,0.000000;0.541212
0.630556,0.051486;0.000000,0.000000;0.771413
-0.144335,0.319874;0.000000,0.000000;0.862130
-0.318826,0.553151;0.000000,0.000000;0.003955
-0.167179,-0.200966;0.000000,0.000000;0.075602
0.331980,0.604140;0.000000,0.000000;0.402206
-0.019778,0.421030;0.000000,0.000000;0.486433
-0.239994,-0.294088;0.000000,0.000000;0.191810
0.089720,0.607122;0.000000,0.000000;0.374060
-0.741468,0.785071;0.000000,0.000000;0.875986
-0.219936,-0.789149;0.000000,0.000000;0.842375
0.173369,-0.450077;0.000000,0.000000;0.112853
0.758699,-0.285272;0.000000,0.000000;0.230992
-0.706554,-0.582739;0.000000,0.000000;0.094233
0.666646,0.410463;0.000000,0.000000;0.544767
0.487542,-0.145410;0.000000,0.000000;0.647947
-0.149508,-0.769595;0.000000,0.000000;0.137850
-0.682981,0.643370;0.000000,0.000000;0.077654
-0.599851,0.008458;0.000000,0.000000;0.809540
-0.372200,0.400476;0.000000,0.000000;0.439067
-0.016285,0.213769;0.000000,0.000000;0.779328
0.136392,-0.739156;0.000000,0.000000;0.986606
-0.028620,-0.661483;0.000000,0.000000;0.619765
-0.729029,0.082726;0.000000,0.000000;0.920400
0.091017,0.595157;0.000000,0.000000;0.977943
0.565262,-0.334205;0.000000,0.000000;0.739839
-0.399679,0.464178;0.000000,0.000000;0.360021
0.066154,-0.526406;0.000000,0.000000;0.603862
0.062295,-0.443177;0.000000,0.000000;0.504623
0.554729,0.187461;0.000000,0.000000;0.379488
0.428444,-0.133289;0.000000,0.000000;0.659893
-0.384430,-0.012563;0.000000,0.000000;0.765607
0.637653,-0.065887;0.000000,0.000000;0.326891
-0.218343,-0.751182;0.000000,0.000000;0.747771
0.623151,-0.544421;0.000000,0.000000;0.217017
0.524033,-0.685001;0.000000,0.000000;0.066757
-0.243312,-0.395253;0.000000,0.000000;0.247154
0.122755,-0.456031;0.000000,0.000000;0.408007
0.308535,-0.650073;0.000000,0.000000;0.810837
-0.778875,0.667512;0.000000,0.000000;0.547549
0.319395,0.296279;0.000000,0.000000;0.665531
-0.739831,-0.471778;0.000000,0.000000;0.978483
-0.065531,-0.341771;0.000000,0.000000;0.070936
-0.173377,0.730898;0.000000,0.000000;0.133810
0.731090,-0.592362;0.000000,0.000000;0.223486
-0.752598,-0.644878;0.000000,0.000000;0.506137
0.432999,-0.568632;0.000000,0.000000;0.957336
-0.305209,-0.576809;0.000000,0.000000;0.330687
0.687339,-0.417292;0.000000,0.000000;0.426159
-0.458213,0.437648;0.000000,0.000000;0.693390
-0.119787,-0.068330;0.000000,0.000000;0.008545
-0.007480,-0.303443;0.000000,0.000000;0.428557
-0.664824,0.750589;0.000000,0.000000;0.919209
0.732500,-0.367066;0.000000,0.000000;0.443134
0.032425,0.436011;0.000000,0.000000;0.908224
0.495461,0.748921;0.000000,0.000000;0.010958
-0.170234,0.630962;0.000000,0.000000;0.140478
0.532031,0.515240;0.000000,0.000000;0.623494
0.013300,-0.486063;0.000000,0.000000;0.028568
-0.007526,-0.608070;0.000000,0.000000;0.807882
0.717590,-0.428228;0.000000,0.000000;0.637077
-0.093392,-0.452517;0.000000,0.000000;0.429405
0.081276,-0.070009;0.000000,0.000000;0.689094
0.738257,-0.339380;0.000000,0.000000;0.493476
-0.495661,0.006130;0.000000,0.000000;0.247858
0.217689,0.741939;0.000000,0.000000;0.155999
-0.776597,-0.119095;0.000000,0.000000;0.240396
0.412882,-0.350543;0.000000,0.000000;0.387264
-0.495978,0.139357;0.000000,0.000000;0.977773
0.768023,-0.570804;0.000000,0.000000;0.724235
-0.353992,0.788329;0.000000,0.000000;0.736248
-0.439552,-0.565330;0.000000,0.000000;0.671390
0.454358,-0.026598;0.000000,0.000000;0.163150
-0.546742,0.363085;0.000000,0.000000;0.206584
-0.536386,0.711272;0.000000,0.000000;0.398494
-0.277817,-0.603841;0.000000,0.000000;0.609559
0.450994,0.449775;0.000000,0.000000;0.301907
-0.615982,-0.699581;0.000000,0.000000;0.847373
-0.013170,0.393059;0.000000,0.000000;0.610254
-0.262638,-0.408199;0.000000,0.000000;0.276543
0.576946,0.544895;0.000000,0.000000;0.948187
0.769272,0.178113;0.000000,0.000000;0.384754
0.033115,0.675674;0.000000,0.000000;0.678849
0.533753,-0.057207;0.000000,0.000000;0.836352
0.337082,0.418363;0.000000,0.000000;0.098261
-0.542694,0.434304;0.000000,0.000000;0.014200
-0.183650,0.054285;0.000000,0.000000;0.586208
0.331585,0.465338;0.000000,0.000000;0.435473
-0.561463,-0.061277;0.000000,0.000000;0.280095
-0.090403,0.010402;0.000000,0.000000;0.826225
-0.393332,0.337126;0.000000,0.000000;0.957019
0.040064,0.404396;0.000000,0.000000;0.280810
0.313113,0.736173;0.000000,0.000000;0.838007
0.686894,-0.341189;0.000000,0.000000;0.322492
0.476687,0.077813;0.000000,0.000000;0.158326
-0.125415,-0.547124;0.000000,0.000000;0.861182
0.129433,0.300302;0.000000,0.000000;0.350921
-0.527207,-0.046964;0.000000,0.000000;0.668594
-0.395056,-0.044825;0.000000,0.000000;0.360866
0.716633,-0.679424;0.000000,0.000000;0.572939
-0.285100,0.775346;0.000000,0.000000;0.160438
-0.643138,0.690977;0.000000,0.000000;0.744113
0.562670,-0.608647;0.000000,0.000000;0.844392
-0.532201,-0.508617;0.000000,0.000000;0.043857
-0.702549,0.593869;0.000000,0.000000;0.092973
0.202075,-0.182803;0.000000,0.000000;0.189432
0.367126,-0.362255;0.000000,0.000000;0.305565
0.476412,-0.634008;0.000000,0.000000;0.303120
-0.085562,0.786203;0.000000,0.000000;0.975952
0.694835,-0.497023;0.000000,0.000000;0.873628
0.758466,-0.305003;0.000000,0.000000;0.574454
-0.694202,0.576972;0.000000,0.000000;0.095735
0.079028,-0.049030;0.000000,0.000000;0.698413
-0.056569,0.118631;0.000000,0.000000;0.163193
-0.383563,-0.452197;0.000000,0.000000;0.244608
0.694597,0.533339;0.000000,0.000000;0.257091
-0.277004,0.316860;0.000000,0.000000;0.381440
-0.706394,-0.204727;0.000000,0.000000;0.501906
0.124707,0.280463;0.000000,0.000000;0.983274
-0.653219,0.229372;0.000000,0.000000;0.793762
0.655771,0.645914;0.000000,0.000000;0.680557
-0.715916,-0.364384;0.000000,0.000000;0.577478
0.596554,0.171101;0.000000,0.000000;0.236034
0.054693,0.724358;0.000000,0.000000;0.088984
-0.391649,-0.541163;0.000000,0.000000;0.948062
-0.361430,0.614621;0.000000,0.000000;0.823238
-0.553901,0.737983;0.000000,0.000000;0.269578
-0.449798,0.573085;0.000000,0.000000;0.255832
-0.707558,-0.598583;0.000000,0.000000;0.927297
-0.137170,0.440599;0.000000,0.000000;0.225645
-0.356030,0.205958;0.000000,0.000000;0.993104
-0.046493,0.351714;0.000000,0.000000;0.155484
-0.645031,0.678506;0.000000,0.000000;0.770772
0.130483,-0.286456;0.000000,0.000000;0.459479
-0.038650,-0.000580;0.000000,0.000000;0.264483
-0.145415,-0.599062;0.000000,0.000000;0.460977
-0.046017,0.486299;0.000000,0.000000;0.678696
0.215301,-0.076025;0.000000,0.000000;0.521941
0.387841,-0.337312;0.000000,0.000000;0.981185
-0.295168,-0.348965;0.000000,0.000000;0.470012
-0.139413,-0.453905;0.000000,0.000000;0.768974
0.514369,0.116472;0.000000,0.000000;0.535353
0.468473,-0.492245;0.000000,0.000000;0.156084
-0.042762,0.027571;0.000000,0.000000;0.004566
0.557920,-0.457800;0.000000,0.000000;0.572065
-0.106622,0.512244;0.000000,0.000000;0.345926
0.219171,0.294368;0.000000,0.000000;0.181344
-0.608304,-0.146492;0.000000,0.000000;0.385054
-0.483171,0.743686;0.000000,0.000000;0.591106
0.491521,0.208291;0.000000,0.000000;0.297488
-0.733880,-0.474794;0.000000,0.000000;0.654598
0.263946,0.056444;0.000000,0.000000;0.251331
0.483407,0.510168;0.000000,0.000000;0.165051
0.482510,0.445032;0.000000,0.000000;0.444211
0.548605,0.029601;0.000000,0.000000;0.542560
0.749554,0.114667;0.000000,0.000000;0.180632
0.757911,0.553520;0.000000,0.000000;0.664708
-0.329964,-0.589448;0.000000,0.000000;0.543373
0.561516,-0.278542;0.000000,0.000000;0.708111
0.285741,-0.482144;0.000000,0.000000;0.363780
0.217833,-0.712594;0.000000,0.000000;0.394059
-0.195367,-0.038036;0.000000,0.000000;0.265716
0.568449,-0.241331;0.000000,0.000000;0.923324
0.464462,0.541948;0.000000,0.000000;0.611841
-0.108060,-0.687321;0.000000,0.000000;0.826847
0.393178,0.622501;0.000000,0.000000;0.544708
-0.437050,0.598101;0.000000,0.000000;0.575190
-0.675340,0.749255;0.000000,0.000000;0.491218
0.673701,0.377033;0.000000,0.000000;0.592573
-0.096454,-0.351990;0.000000,0.000000;0.430991
-0.058311,-0.010387;0.000000,0.000000;0.390706
0.022384,0.218968;0.000000,0.000000;0.426778
0.411186,0.125644;0.000000,0.000000;0.553409
0.194639,0.259430;0.000000,0.000000;0.786530
-0.284311,-0.444284;0.000000,0.000000;0.492264
0.512860,-0.507805;0.000000,0.000000;0.814536
0.539879,-0.570996;0.000000,0.000000;0.390054
0.365330,-0.629611;0.000000,0.000000;0.755136
-0.597775,0.734439;0.000000,0.000000;0.493084
-0.741781,-0.770811;0.000000,0.000000;0.460473
0.169264,-0.771785;0.000000,0.000000;0.569362
0.297139,-0.487371;0.000000,0.000000;0.220013
-0.752945,0.081002;0.000000,0.000000;0.319157
-0.456472,0.297556;0.000000,0.000000;0.920094
0.676490,-0.307157;0.000000,0.000000;0.669247
-0.230888,-0.491297;0.000000,0.000000;0.617388
-0.349764,0.327104;0.000000,0.000000;0.202547
-0.062488,-0.241990;0.000000,0.000000;0.627381
0.197756,-0.719980;0.000000,0.000000;0.787438
0.294566,0.410944;0.000000,0.000000;0.342959
0.743199,0.788205;0.000000,0.000000;0.488796
-0.699278,0.218208;0.000000,0.000000;0.800809
-0.347320,-0.039771;0.000000,0.000000;0.363982
0.673877,-0.704903;0.000000,0.000000;0.025469
-0.632626,0.135680;0.000000,0.000000;0.504994
-0.725653,0.653378;0.000000,0.000000;0.684182
0.433355,-0.557371;0.000000,0.000000;0.652757
0.074247,0.119532;0.000000,0.000000;0.863443
0.305065,0.478126;0.000000,0.000000;0.319714
-0.357150,-0.746347;0.000000,0.000000;0.024528
-0.187625,0.707464;0.000000,0.000000;0.218819
-0.779006,-0.577328;0.000000,0.000000;0.433504
0.761480,0.135690;0.000000,0.000000;0.385327
0.186939,-0.679588;0.000000,0.000000;0.781748
-0.206071,-0.087692;0.000000,0.000000;0.490244
-0.781455,-0.286532;0.000000,0.000000;0.231599
0.368542,-0.397996;0.000000,0.000000;0.167848
0.262363,-0.450045;0.000000,0.000000;0.552525
-0.682861,0.503274;0.000000,0.000000;0.193207
0.470265,0.703243;0.000000,0.000000;0.472217
0.755406,0.464341;0.000000,0.000000;0.248326
0.545086,-0.242918;0.000000,0.000000;0.255819
-0.278999,-0.550366;0.000000,0.000000;0.035649
0.319531,0.725676;0.000000,0.000000;0.370053
-0.721776,0.687880;0.000000,0.000000;0.658387
0.706060,0.306477;0.000000,0.000000;0.934454
-0.476199,0.576340;0.000000,0.000000;0.972565
0.266957,-0.536214;0.000000,0.000000;0.585250
-0.480040,-0.121629;0.000000,0.000000;0.532493
0.330133,0.072434;0.000000,0.000000;0.400764
0.070469,0.076011;0.000000,0.000000;0.663600
0.008251,0.450707;0.000000,0.000000;0.929836
-0.588979,0.702722;0.000000,0.000000;0.611505
-0.166112,0.206274;0.000000,0.000000;0.117773
-0.243008,-0.203755;0.000000,0.000000;0.916821
-0.024049,0.417949;0.000000,0.000000;0.616238
0.066761,0.050703;0.000000,0.000000;0.445824
-0.236204,-0.306238;0.000000,0.000000;0.311426
-0.595891,-0.379169;0.000000,0.000000;0.199069
0.129016,0.520211;0.000000,0.000000;0.362867
-0.125685,-0.589235;0.000000,0.000000;0.586260
0.075568,-0.182818;0.000000,0.000000;0.117401
0.648893,-0.653323;0.000000,0.000000;0.098433
-0.206293,0.321556;0.000000,0.000000;0.298418
0.680874,0.124304;0.000000,0.000000;0.292389
-0.564604,0.216559;0.000000,0.000000;0.759586
0.435063,0.272327;0.000000,0.000000;0.348799
0.514616,-0.769448;0.000000,0.000000;0.099055
0.330448,0.370977;0.000000,0.000000;0.430253
-0.240279,0.357247;0.000000,0.000000;0.387373
-0.749387,0.239079;0.000000,0.000000;0.902071
0.321803,0.436259;0.000000,0.000000;0.952930
0.169016,-0.496103;0.000000,0.000000;0.608203
-0.032994,-0.630578;0.000000,0.000000;0.906725
0.165243,0.014394;0.000000,0.000000;0.373450
-0.133947,0.774214;0.000000,0.000000;0.296328
-0.714671,0.387565;0.000000,0.000000;0.589798
-0.022744,-0.332841;0.000000,0.000000;0.518996
0.246907,0.283064;0.000000,0.000000;0.344842
-0.693936,0.118627;0.000000,0.000000;0.400179
-0.797647,0.421063;0.000000,0.000000;0.810605
0.201013,-0.721009;0.000000,0.000000;0.907128
-0.463535,0.352335;0.000000,0.000000;0.801532
0.095895,0.004513;0.000000,0.000000;0.437383
0.105656,0.544748;0.000000,0.000000;0.883733
-0.650786,-0.535210;0.000000,0.000000;0.303128
0.786498,0.582962;0.000000,0.000000;0.581803
0.424719,-0.381127;0.000000,0.000000;0.755510
-0.022940,0.333339;0.000000,0.000000;0.438135
-0.472896,0.758381;0.000000,0.000000;0.480947
-0.753159,-0.297463;0.000000,0.000000;0.665692
0.185412,0.177150;0.000000,0.000000;0.944489
-0.604559,-0.779385;0.000000,0.000000;0.427560
0.422484,-0.735888;0.000000,0.000000;0.581812
0.257455,0.273487;0.000000,0.000000;0.312597
0.236964,0.185534;0.000000,0.000000;0.375107
-0.189411,0.103053;0.000000,0.000000;0.347681
-0.535147,-0.753196;0.000000,0.000000;0.864794
-0.127217,-0.097226;0.000000,0.000000;0.858861
0.716116,0.281735;0.000000,0.000000;0.652370
0.592357,0.459490;0.000000,0.000000;0.325775
0.387268,0.587943;0.000000,0.000000;0.825030
0.370193,0.509971;0.000000,0.000000;0.325530
0.061580,-0.522966;0.000000,0.000000;0.955798
-0.111357,-0.575750;0.000000,0.000000;0.552358
0.325159,-0.418266;0.000000,0.000000;0.330091
0.019855,0.242019;0.000000,0.000000;0.100268
0.446070,0.274974;0.000000,0.000000;0.249302
-0.666028,-0.239350;0.000000,0.000000;0.588016
0.770303,0.645167;0.000000,0.000000;0.502321
-0.664583,-0.510676;0.000000,0.000000;0.002576
-0.506679,0.113635;0.000000,0.000000;0.659988
0.188057,0.324114;0.000000,0.000000;0.446849
-0.235227,0.635458;0.000000,0.000000;0.448971
-0.178024,0.400302;0.000000,0.000000;0.182926
-0.708921,-0.087557;0.000000,0.000000;0.130440
-0.638526,0.234157;0.000000,0.000000;0.881984
-0.310162,-0.113844;0.000000,0.000000;0.434138
-0.646241,0.622301;0.000000,0.000000;0.119795
0.413278,-0.291604;0.000000,0.000000;0.088580
0.199574,-0.245941;0.000000,0.000000;0.475867
-0.151287,-0.034068;0.000000,0.000000;0.678966
0.691323,0.577415;0.000000,0.000000;0.828343
0.192159,-0.771619;0.000000,0.000000;0.754856
-0.101575,-0.671958;0.000000,0.000000;0.953065
0.578973,0.402466;0.000000,0.000000;0.501548
-0.672708,0.009429;0.000000,0.000000;0.188023
-0.304924,0.638923;0.000000,0.000000;0.398424
-0.556679,-0.044503;0.000000,0.000000;0.660815
0.748499,0.137477;0.000000,0.000000;0.055928
-0.203208,-0.775131;0.000000,0.000000;0.591506
-0.228384,0.632680;0.000000,0.000000;0.113769
-0.500518,0.137245;0.000000,0.000000;0.334512
-0.036509,0.501698;0.000000,0.000000;0.802674
-0.058200,-0.595767;0.000000,0.000000;0.627401
0.482441,0.426651;0.000000,0.000000;0.384109
-0.605086,0.675307;0.000000,0.000000;0.962349
-0.408628,0.539650;0.000000,0.000000;0.817379
-0.037584,0.183803;0.000000,0.000000;0.236280
-0.284648,0.407969;0.000000,0.000000;0.609608
0.009215,0.560119;0.000000,0.000000;0.184908
0.316042,-0.586934;0.000000,0.000000;0.173382
-0.590849,-0.700453;0.000000,0.000000;0.804880
0.360556,-0.577875;0.000000,0.000000;0.949298
-0.619900,-0.183004;0.000000,0.000000;0.846696
-0.164747,-0.217707;0.000000,0.000000;0.646081
-0.761384,-0.077981;0.000000,0.000000;0.874112
0.470355,-0.108203;0.000000,0.000000;0.141047
-0.467299,0.061245;0.000000,0.000000;0.785032
-0.162843,0.353380;0.000000,0.000000;0.937842
0.573015,-0.727009;0.000000,0.000000;0.078373
0.095405,0.734866;0.000000,0.000000;0.053699
-0.729418,0.627782;0.000000,0.000000;0.461157
-0.392069,0.508308;0.000000,0.000000;0.654271
0.414511,0.626082;0.000000,0.000000;0.028096
-0.566314,0.646769;0.000000,0.000000;0.353475
-0.235117,0.546070;0.000000,0.000000;0.737299
-0.415266,0.365384;0.000000,0.000000;0.484405
0.642838,0.145019;0.000000,0.000000;0.956846
-0.499094,0.771597;0.000000,0.000000;0.105601
0.221130,0.412823;0.000000,0.000000;0.778277
-0.286678,-0.761724;0.000000,0.000000;0.672630
0.578590,0.014812;0.000000,0.000000;0.518689
-0.119901,-0.799745;0.000000,0.000000;0.108564
0.144910,0.541227;0.000000,0.000000;0.340041
0.512111,0.106532;0.000000,0.000000;0.556527
0.495507,0.281443;0.000000,0.000000;0.571779
-0.032769,0.178242;0.000000,0.000000;0.189111
0.699506,0.303266;0.000000,0.000000;0.926922
-0.328210,-0.388588;0.000000,0.000000;0.843770
-0.131078,-0.674964;0.000000,0.000000;0.147305
-0.476589,-0.451689;0.000000,0.000000;0.380411
-0.386588,-0.345977;0.000000,0.000000;0.462487
-0.100167,-0.229431;0.000000,0.000000;0.460022
-0.706810,-0.674701;0.000000,0.000000;0.205344
0.088125,-0.611728;0.000000,0.000000;0.910164
0.196743,-0.282312;0.000000,0.000000;0.010897
0.606694,0.573426;0.000000,0.000000;0.727448
-0.115085,0.045196;0.000000,0.000000;0.300964
-0.748967,-0.640996;0.000000,0.000000;0.087456
-0.074581,-0.079311;0.000000,0.000000;0.310261
-0.314939,0.382070;0.000000,0.000000;0.427728
-0.338694,0.057329;0.000000,0.000000;0.627916
0.772551,-0.494673;0.000000,0.000000;0.814084
0.674106,-0.588411;0.000000,0.000000;0.796272
0.014912,0.742168;0.000000,0.000000;0.077001
0.198067,-0.561268;0.000000,0.000000;0.389241
-0.426142,0.495135;0.000000,0.000000;0.206987
-0.633093,0.381260;0.000000,0.000000;0.349652
0.205206,-0.485554;0.000000,0.000000;0.258377
-0.593504,-0.190438;0.000000,0.000000;0.490743
0.581258,-0.694388;0.000000,0.000000;0.720591
-0.545664,-0.269523;0.000000,0.000000;0.470887
0.118513,0.164503;0.000000,0.000000;0.647350
-0.200564,0.314408;0.000000,0.000000;0.208728
-0.579055,0.036819;0.000000,0.000000;0.521388
0.607975,-0.541084;0.000000,0.000000;0.281541
-0.417399,-0.029292;0.000000,0.000000;0.551775
0.766212,-0.221338;0.000000,0.000000;0.592028
0.116586,-0.788611;0.000000,0.000000;0.103085
0.691622,0.069511;0.000000,0.000000;0.263858
-0.239620,0.657886;0.000000,0.000000;0.417791
0.437222,-0.211803;0.000000,0.000000;0.491468
-0.089258,-0.234058;0.000000,0.000000;0.258401
0.230769,0.555262;0.000000,0.000000;0.441170
-0.795328,-0.420158;0.000000,0.000000;0.863353
0.316012,0.246928;0.000000,0.000000;0.524421
0.220900,-0.473577;0.000000,0.000000;0.763390
0.562002,-0.403787;0.000000,0.000000;0.907347
0.476939,0.428591;0.000000,0.000000;0.777217
-0.567140,-0.508991;0.000000,0.000000;0.066161
0.009236,0.267153;0.000000,0.000000;0.783068
0.317913,-0.067778;0.000000,0.000000;0.391010
0.252603,-0.332654;0.000000,0.000000;0.051313
-0.754682,0.495772;0.000000,0.000000;0.885222
0.545009,0.122556;0.000000,0.000000;0.961997
0.193101,0.624591;0.000000,0.000000;0.265359
-0.088610,-0.143918;0.000000,0.000000;0.556047
-0.341018,-0.335175;0.000000,0.000000;0.463805
0.339382,0.636348;0.000000,0.000000;0.022745
0.572480,-0.055671;0.000000,0.000000;0.295980
0.047679,-0.242732;0.000000,0.000000;0.445756
0.516814,-0.757796;0.000000,0.000000;0.144585
-0.544027,0.209021;0.000000,0.000000;0.180960
-0.266790,0.640719;0.000000,0.000000;0.955090
-0.486578,-0.273878;0.000000,0.000000;0.519668
-0.027838,0.368278;0.000000,0.000000;0.027085
-0.549504,0.575463;0.000000,0.000000;0.417679
0.056277,-0.786981;0.000000,0.000000;0.418362
-0.079166,0.097357;0.000000,0.000000;0.282995
0.240896,-0.601325;0.000000,0.000000;0.298818
0.461474,-0.527222;0.000000,0.000000;0.904035
0.186518,-0.651457;0.000000,0.000000;0.242259
-0.719308,-0.602679;0.000000,0.000000;0.237323
-0.002739,-0.715442;0.000000,0.000000;0.299483
0.404237,-0.729123;0.000000,0.000000;0.174106
-0.448633,0.424908;0.000000,0.000000;0.089607
0.793773,0.107931;0.000000,0.000000;0.008833
-0.002202,0.086829;0.000000,0.000000;0.321334
-0.124627,0.271306;0.000000,0.000000;0.353053
-0.376827,0.061840;0.000000,0.000000;0.563796
-0.571375,-0.320496;0.000000,0.000000;0.647724
0.356836,-0.545337;0.000000,0.000000;0.511812
0.601118,-0.077688;0.000000,0.000000;0.741875
0.061212,0.012444;0.000000,0.000000;0.160264
-0.079137,0.276156;0.000000,0.000000;0.293620
0.170874,0.600853;0.000000,0.000000;0.583793
-0.140080,-0.726662;0.000000,0.000000;0.161281
-0.446962,-0.046101;0.000000,0.000000;0.862495
-0.501982,-0.363721;0.000000,0.000000;0.814399
-0.423553,-0.015598;0.000000,0.000000;0.183080
-0.725419,-0.650200;0.000000,0.000000;0.018277
-0.199532,0.627571;0.000000,0.000000;0.151211
-0.755127,0.370215;0.000000,0.000000;0.302465
-0.430943,0.093480;0.000000,0.000000;0.787130
-0.483902,0.102873;0.000000,0.000000;0.019625
-0.686478,-0.761035;0.000000,0.000000;0.668161
-0.489085,-0.311910;0.000000,0.000000;0.982010
0.560551,0.561049;0.000000,0.000000;0.631149
0.025689,0.190092;0.000000,0.000000;0.241302
0.407634,0.496246;0.000000,0.000000;0.600664
0.137713,-0.433065;0.000000,0.000000;0.692533
-0.518737,0.035964;0.000000,0.000000;0.528106
0.777691,-0.334385;0.000000,0.000000;0.497068
0.782923,0.150834;0.000000,0.000000;0.207802
-0.185674,0.121874;0.000000,0.000000;0.422210
0.012093,-0.721397;0.000000,0.000000;0.921279
-0.162595,-0.059324;0.000000,0.000000;0.598551
0.154138,0.327131;0.000000,0.000000;0.631108
-0.290427,-0.783242;0.000000,0.000000;0.500209
-0.399231,0.378660;0.000000,0.000000;0.057929
-0.617100,0.132047;0.000000,0.000000;0.734541
0.547416,-0.155108;0.000000,0.000000;0.320730
-0.171718,-0.470198;0.000000,0.000000;0.674742
0.213257,-0.197686;0.000000,0.000000;0.028830
0.754969,0.729891;0.000000,0.000000;0.816195
0.672340,0.576492;0.000000,0.000000;0.919676
0.598084,-0.591721;0.000000,0.000000;0.085701
-0.086346,0.237969;0.000000,0.000000;0.530520
-0.679594,0.621505;0.000000,0.000000;0.345950
-0.117316,-0.607813;0.000000,0.000000;0.423156
-0.446158,-0.117065;0.000000,0.000000;0.085324
-0.609953,-0.078564;0.000000,0.000000;0.351166
0.077551,0.528176;0.000000,0.000000;0.385642
0.549302,0.203266;0.000000,0.000000;0.765755
0.335547,0.194411;0.000000,0.000000;0.693418
0.165952,0.416404;0.000000,0.000000;0.630279
0.482402,0.786196;0.000000,0.000000;0.504335
-0.611070,0.566549;0.000000,0.000000;0.861733
-0.133482,-0.566803;0.000000,0.000000;0.152921
-0.146377,0.398794;0.000000,0.000000;0.990385
-0.374563,0.427791;0.000000,0.000000;0.494899
-0.719405,0.137267;0.000000,0.000000;0.652556
0.500085,0.150764;0.000000,0.000000;0.428892
0.598695,-0.118687;0.000000,0.000000;0.767537
-0.153333,0.355382;0.000000,0.000000;0.233241
0.765003,0.292149;0.000000,0.000000;0.044644
0.125812,0.385836;0.000000,0.000000;0.908034
0.414362,-0.716526;0.000000,0.000000;0.633855
0.513890,0.020231;0.000000,0.000000;0.328415
-0.008276,-0.434085;0.000000,0.000000;0.934367
-0.173412,-0.393942;0.000000,0.000000;0.910667
-0.168111,0.668140;0.000000,0.000000;0.869226
-0.042534,0.755429;0.000000,0.000000;0.634080
-0.201774,0.337518;0.000000,0.000000;0.658463
0.071864,0.018926;0.000000,0.000000;0.593519
0.597906,-0.495905;0.000000,0.000000;0.808872
-0.093680,-0.368489;0.000000,0.000000;0.108764
-0.596843,0.520293;0.000000,0.000000;0.007217
-0.626867,-0.670396;0.000000,0.000000;0.330939
0.693857,0.391552;0.000000,0.000000;0.857736
0.029670,0.322489;0.000000,0.000000;0.904101
-0.203891,0.235413;0.000000,0.000000;0.080719
-0.429061,-0.264368;0.000000,0.000000;0.012800
0.512619,-0.472889;0.000000,0.000000;0.288010
-0.015673,0.264600;0.000000,0.000000;0.442644
-0.038082,-0.407127;0.000000,0.000000;0.551306